Space	 Analytical	 Laasonen for time step  for time step 0.025	 Errors
0.000000	300.000000	300.000000	0.000000
0.050000	267.668702	266.622642	1.046060
0.100000	236.664573	234.833717	1.830856
0.150000	208.161790	205.983265	2.178525
0.200000	183.061210	181.015193	2.046017
0.250000	161.926696	160.409355	1.517340
0.300000	144.987595	144.230267	0.757328
0.350000	132.201068	132.248346	-0.047279
0.400000	123.355260	124.089618	-0.734357
0.450000	118.187450	119.376762	-1.189312
0.500000	116.490733	117.838462	-1.347729
0.550000	118.187450	119.376762	-1.189312
0.600000	123.355260	124.089618	-0.734357
0.650000	132.201068	132.248346	-0.047279
0.700000	144.987595	144.230267	0.757328
0.750000	161.926696	160.409355	1.517340
0.800000	183.061210	181.015193	2.046017
0.850000	208.161790	205.983265	2.178525
0.900000	236.664573	234.833717	1.830856
0.950000	267.668702	266.622642	1.046060
1.000000	300.000000	300.000000	0.000000
1-Norm: 	24.041877
2-Norm: 	6.183601
Uniform-Norm: 2.178525
