Space	 Analytical	 Laasonen for time step  for time step 0.010	 Errors
0.000000	300.000000	300.000000	0.000000
0.050000	267.668702	267.231519	0.437182
0.100000	236.664573	235.900640	0.763933
0.150000	208.161790	207.258804	0.902986
0.200000	183.061210	182.230635	0.830575
0.250000	161.926696	161.349194	0.577502
0.300000	144.987595	144.774195	0.213400
0.350000	132.201068	132.377923	-0.176856
0.400000	123.355260	123.869877	-0.514617
0.450000	118.187450	118.928131	-0.740681
0.500000	116.490733	117.310596	-0.819863
0.550000	118.187450	118.928131	-0.740681
0.600000	123.355260	123.869877	-0.514617
0.650000	132.201068	132.377923	-0.176856
0.700000	144.987595	144.774195	0.213400
0.750000	161.926696	161.349194	0.577502
0.800000	183.061210	182.230635	0.830575
0.850000	208.161790	207.258804	0.902986
0.900000	236.664573	235.900640	0.763933
0.950000	267.668702	267.231519	0.437182
1.000000	300.000000	300.000000	0.000000
1-Norm: 	11.135326
2-Norm: 	2.771214
Uniform-Norm: 0.902986
