Space	 Analytical	 Laasonen for time step  for time step 0.100	 Errors
0.000000	300.000000	300.000000	0.000000
0.050000	267.668702	263.068813	4.599889
0.100000	236.664573	229.017832	7.646741
0.150000	208.161790	199.596362	8.565428
0.200000	183.061210	175.451636	7.609574
0.250000	161.926696	156.478964	5.447731
0.300000	144.987595	142.174749	2.812847
0.350000	132.201068	131.899477	0.301590
0.400000	123.355260	125.045945	-1.690684
0.450000	118.187450	121.135243	-2.947793
0.500000	116.490733	119.865840	-3.375107
0.550000	118.187450	121.135243	-2.947793
0.600000	123.355260	125.045945	-1.690684
0.650000	132.201068	131.899477	0.301590
0.700000	144.987595	142.174749	2.812847
0.750000	161.926696	156.478964	5.447731
0.800000	183.061210	175.451636	7.609574
0.850000	208.161790	199.596362	8.565428
0.900000	236.664573	229.017832	7.646741
0.950000	267.668702	263.068813	4.599889
1.000000	300.000000	300.000000	0.000000
1-Norm: 	86.619662
2-Norm: 	23.057676
Uniform-Norm: 8.565428
