Space	 Analytical	 Laasonen for time step  for time step 0.050	 Errors
0.000000	300.000000	300.000000	0.000000
0.050000	267.668702	265.536011	2.132691
0.100000	236.664573	232.974356	3.690217
0.150000	208.161790	203.835783	4.326007
0.200000	183.061210	179.051236	4.009974
0.250000	161.926696	158.958139	2.968556
0.300000	144.987595	143.435273	1.552323
0.350000	132.201068	132.090740	0.110328
0.400000	123.355260	124.440785	-1.085524
0.450000	118.187450	120.049109	-1.861660
0.500000	116.490733	118.619887	-2.129154
0.550000	118.187450	120.049109	-1.861660
0.600000	123.355260	124.440785	-1.085524
0.650000	132.201068	132.090740	0.110328
0.700000	144.987595	143.435273	1.552323
0.750000	161.926696	158.958139	2.968556
0.800000	183.061210	179.051236	4.009974
0.850000	208.161790	203.835783	4.326007
0.900000	236.664573	232.974356	3.690217
0.950000	267.668702	265.536011	2.132691
1.000000	300.000000	300.000000	0.000000
1-Norm: 	45.603712
2-Norm: 	11.925208
Uniform-Norm: 4.326007
