Space	 Analytical	 Laasonen for time step  for time step 0.025	 Errors
0.000000	300.000000	300.000000	0.000000
0.050000	272.052272	271.429070	0.623201
0.100000	245.007141	243.885625	1.121516
0.150000	219.697853	218.296609	1.401244
0.200000	196.831153	195.409585	1.421568
0.250000	176.951833	175.750768	1.201064
0.300000	160.433678	159.624793	0.808885
0.350000	147.495877	147.150666	0.345211
0.400000	138.238660	138.321045	-0.082385
0.450000	132.688272	133.069011	-0.380739
0.500000	130.839903	131.327378	-0.487475
0.550000	132.688272	133.069011	-0.380739
0.600000	138.238660	138.321045	-0.082385
0.650000	147.495877	147.150666	0.345211
0.700000	160.433678	159.624793	0.808885
0.750000	176.951833	175.750768	1.201064
0.800000	196.831153	195.409585	1.421568
0.850000	219.697853	218.296609	1.401244
0.900000	245.007141	243.885625	1.121516
0.950000	272.052272	271.429070	0.623201
1.000000	300.000000	300.000000	0.000000
1-Norm: 	15.259104
2-Norm: 	4.029170
Uniform-Norm: 1.421568
