Space	 Analytical	 Laasonen for time step  for time step 0.050	 Errors
0.000000	300.000000	300.000000	0.000000
0.050000	272.052272	270.774212	1.278060
0.100000	245.007141	242.714581	2.292560
0.150000	219.697853	216.843869	2.853984
0.200000	196.831153	193.938703	2.892450
0.250000	176.951833	174.489234	2.462599
0.300000	160.433678	158.719443	1.714235
0.350000	147.495877	146.650214	0.845663
0.400000	138.238660	138.181955	0.056705
0.450000	132.688272	133.176170	-0.487898
0.500000	130.839903	131.521547	-0.681643
0.550000	132.688272	133.176170	-0.487898
0.600000	138.238660	138.181955	0.056705
0.650000	147.495877	146.650214	0.845663
0.700000	160.433678	158.719443	1.714235
0.750000	176.951833	174.489234	2.462599
0.800000	196.831153	193.938703	2.892450
0.850000	219.697853	216.843869	2.853984
0.900000	245.007141	242.714581	2.292560
0.950000	272.052272	270.774212	1.278060
1.000000	300.000000	300.000000	0.000000
1-Norm: 	30.449953
2-Norm: 	8.196644
Uniform-Norm: 2.892450
