Space	 Analytical	 Laasonen for time step  for time step 0.100	 Errors
0.000000	300.000000	300.000000	0.000000
0.050000	272.052272	269.301509	2.750763
0.100000	245.007141	240.161192	4.845949
0.150000	219.697853	213.806715	5.891138
0.200000	196.831153	191.004826	5.826328
0.250000	176.951833	172.091234	4.860598
0.300000	160.433678	157.080710	3.352968
0.350000	147.495877	145.796677	1.699200
0.400000	138.238660	137.986943	0.251717
0.450000	132.688272	133.412459	-0.724188
0.500000	130.839903	131.907279	-1.067376
0.550000	132.688272	133.412459	-0.724188
0.600000	138.238660	137.986943	0.251717
0.650000	147.495877	145.796677	1.699200
0.700000	160.433678	157.080710	3.352968
0.750000	176.951833	172.091234	4.860598
0.800000	196.831153	191.004826	5.826328
0.850000	219.697853	213.806715	5.891138
0.900000	245.007141	240.161192	4.845949
0.950000	272.052272	269.301509	2.750763
1.000000	300.000000	300.000000	0.000000
1-Norm: 	61.473074
2-Norm: 	16.650169
Uniform-Norm: 5.891138
