Space	 Analytical	 Laasonen for time step  for time step 0.025	 Errors
0.000000	300.000000	300.000000	0.000000
0.050000	260.517846	258.524454	1.993392
0.100000	223.416367	220.161358	3.255009
0.150000	190.655215	187.212045	3.443169
0.200000	163.474770	160.774095	2.700675
0.250000	142.295276	140.830877	1.464399
0.300000	126.815932	126.623958	0.191974
0.350000	116.254473	117.075059	-0.820586
0.400000	109.640012	111.117565	-1.477553
0.450000	106.081694	107.900461	-1.818767
0.500000	104.967732	106.888530	-1.920798
0.550000	106.081694	107.900461	-1.818767
0.600000	109.640012	111.117565	-1.477553
0.650000	116.254473	117.075059	-0.820586
0.700000	126.815932	126.623958	0.191974
0.750000	142.295276	140.830877	1.464399
0.800000	163.474770	160.774095	2.700675
0.850000	190.655215	187.212045	3.443169
0.900000	223.416367	220.161358	3.255009
0.950000	260.517846	258.524454	1.993392
1.000000	300.000000	300.000000	-0.000000
1-Norm: 	36.251849
2-Norm: 	9.371045
Uniform-Norm: 3.443169
