Space	 Analytical	 Laasonen for time step  for time step 0.050	 Errors
0.000000	300.000000	300.000000	0.000000
0.050000	260.517846	256.400324	4.117522
0.100000	223.416367	216.922819	6.493548
0.150000	190.655215	184.045587	6.609627
0.200000	163.474770	158.450870	5.023900
0.250000	142.295276	139.594515	2.700761
0.300000	126.815932	126.354490	0.461443
0.350000	116.254473	117.502269	-1.247796
0.400000	109.640012	111.969546	-2.329534
0.450000	106.081694	108.966577	-2.884883
0.500000	104.967732	108.018165	-3.050432
0.550000	106.081694	108.966577	-2.884883
0.600000	109.640012	111.969546	-2.329534
0.650000	116.254473	117.502269	-1.247796
0.700000	126.815932	126.354490	0.461443
0.750000	142.295276	139.594515	2.700761
0.800000	163.474770	158.450870	5.023900
0.850000	190.655215	184.045587	6.609627
0.900000	223.416367	216.922819	6.493548
0.950000	260.517846	256.400324	4.117522
1.000000	300.000000	300.000000	-0.000000
1-Norm: 	66.788462
2-Norm: 	17.635917
Uniform-Norm: 6.609627
