Space	 Analytical	 Laasonen for time step  for time step 0.100	 Errors
0.000000	300.000000	300.000000	0.000000
0.050000	260.517846	251.547986	8.969860
0.100000	223.416367	210.499789	12.916578
0.150000	190.655215	178.489387	12.165828
0.200000	163.474770	154.763416	8.711354
0.250000	142.295276	137.805143	4.490134
0.300000	126.815932	126.058969	0.756963
0.350000	116.254473	118.212525	-1.958052
0.400000	109.640012	113.274620	-3.634608
0.450000	106.081694	110.570049	-4.488355
0.500000	104.967732	109.710613	-4.742881
0.550000	106.081694	110.570049	-4.488355
0.600000	109.640012	113.274620	-3.634608
0.650000	116.254473	118.212525	-1.958052
0.700000	126.815932	126.058969	0.756963
0.750000	142.295276	137.805143	4.490134
0.800000	163.474770	154.763416	8.711354
0.850000	190.655215	178.489387	12.165828
0.900000	223.416367	210.499789	12.916578
0.950000	260.517846	251.547986	8.969860
1.000000	300.000000	300.000000	-0.000000
1-Norm: 	120.926343
2-Norm: 	32.874393
Uniform-Norm: 12.916578
