Space	 Analytical	 Laasonen for time step  for time step 0.010	 Errors
0.000000	300.000000	300.000000	0.000000
0.050000	260.517846	259.689256	0.828590
0.100000	223.416367	222.052776	1.363591
0.150000	190.655215	189.206451	1.448763
0.200000	163.474770	162.356476	1.118294
0.250000	142.295276	141.749599	0.545677
0.300000	126.815932	126.878337	-0.062404
0.350000	116.254473	116.811559	-0.557086
0.400000	109.640012	110.521581	-0.881569
0.450000	106.081694	107.131818	-1.050123
0.500000	104.967732	106.068025	-1.100293
0.550000	106.081694	107.131818	-1.050123
0.600000	109.640012	110.521581	-0.881569
0.650000	116.254473	116.811559	-0.557086
0.700000	126.815932	126.878337	-0.062404
0.750000	142.295276	141.749599	0.545677
0.800000	163.474770	162.356476	1.118294
0.850000	190.655215	189.206451	1.448763
0.900000	223.416367	222.052776	1.363591
0.950000	260.517846	259.689256	0.828590
1.000000	300.000000	300.000000	-0.000000
1-Norm: 	16.812490
2-Norm: 	4.240916
Uniform-Norm: 1.448763
