Space	 Analytical	 CrankNicholson	 Errors
0.000000	300.000000	300.000000	0.000000
0.050000	244.734722	244.562078	0.172644
0.100000	195.900024	195.767693	0.132332
0.150000	157.768874	157.902531	-0.133658
0.200000	131.459844	131.908387	-0.448542
0.250000	115.419997	116.045231	-0.625234
0.300000	106.779119	107.386752	-0.607633
0.350000	102.666526	103.131069	-0.464542
0.400000	100.939965	101.239439	-0.299474
0.450000	100.312668	100.495424	-0.182756
0.500000	100.162781	100.304860	-0.142079
0.550000	100.312668	100.495424	-0.182756
0.600000	100.939965	101.239439	-0.299474
0.650000	102.666526	103.131069	-0.464542
0.700000	106.779119	107.386752	-0.607633
0.750000	115.419997	116.045231	-0.625234
0.800000	131.459844	131.908387	-0.448542
0.850000	157.768874	157.902531	-0.133658
0.900000	195.900024	195.767693	0.132332
0.950000	244.734722	244.562078	0.172644
1.000000	300.000000	300.000000	-0.000000
1-Norm: 	6.275709
2-Norm: 	1.658604
Uniform-Norm: 0.625234
