Space	 Analytical	 DuFortFrankel	 Errors
0.000000	300.000000	300.000000	0.000000
0.050000	244.734722	245.010030	-0.275308
0.100000	195.900024	199.439131	-3.539107
0.150000	157.768874	157.815540	-0.046666
0.200000	131.459844	134.414651	-2.954806
0.250000	115.419997	114.833735	0.586262
0.300000	106.779119	107.678801	-0.899682
0.350000	102.666526	102.165246	0.501280
0.400000	100.939965	100.981127	-0.041162
0.450000	100.312668	100.135328	0.177340
0.500000	100.162781	100.108262	0.054518
0.550000	100.312668	100.135328	0.177340
0.600000	100.939965	100.981127	-0.041162
0.650000	102.666526	102.165246	0.501280
0.700000	106.779119	107.678801	-0.899682
0.750000	115.419997	114.833735	0.586262
0.800000	131.459844	134.414651	-2.954806
0.850000	157.768874	157.815540	-0.046666
0.900000	195.900024	199.439131	-3.539107
0.950000	244.734722	245.010030	-0.275308
1.000000	300.000000	300.000000	-0.000000
1-Norm: 	18.097745
2-Norm: 	6.748803
Uniform-Norm: 3.539107
