Space	 Analytical	 Laasonen	 Errors
0.000000	300.000000	300.000000	0.000000
0.050000	244.734722	242.466625	2.268097
0.100000	195.900024	192.976710	2.923314
0.150000	157.768874	155.855693	1.913181
0.200000	131.459844	131.122376	0.337468
0.250000	115.419997	116.218134	-0.798137
0.300000	106.779119	107.970000	-1.190881
0.350000	102.666526	103.729435	-1.062908
0.400000	100.939965	101.697938	-0.757973
0.450000	100.312668	100.822847	-0.510179
0.500000	100.162781	100.582629	-0.419849
0.550000	100.312668	100.822847	-0.510179
0.600000	100.939965	101.697938	-0.757973
0.650000	102.666526	103.729435	-1.062908
0.700000	106.779119	107.970000	-1.190881
0.750000	115.419997	116.218134	-0.798137
0.800000	131.459844	131.122376	0.337468
0.850000	157.768874	155.855693	1.913181
0.900000	195.900024	192.976710	2.923314
0.950000	244.734722	242.466625	2.268097
1.000000	300.000000	300.000000	-0.000000
1-Norm: 	23.944125
2-Norm: 	6.568426
Uniform-Norm: 2.923314
