Space	 Analytical	 Richardson	 Errors
0.000000	300.000000	300.000000	0.000000
0.050000	244.734722	-229837.809572	230082.544294
0.100000	195.900024	332137.345935	-331941.445911
0.150000	157.768874	-288370.351217	288528.120090
0.200000	131.459844	178640.285788	-178508.825944
0.250000	115.419997	-82211.097876	82326.517874
0.300000	106.779119	28701.252577	-28594.473458
0.350000	102.666526	-7287.343749	7390.010275
0.400000	100.939965	1470.363003	-1369.423038
0.450000	100.312668	-66.429983	166.742650
0.500000	100.162781	121.474836	-21.312056
0.550000	100.312668	-66.429983	166.742650
0.600000	100.939965	1470.363003	-1369.423038
0.650000	102.666526	-7287.343749	7390.010275
0.700000	106.779119	28701.252577	-28594.473458
0.750000	115.419997	-82211.097876	82326.517874
0.800000	131.459844	178640.285788	-178508.825944
0.850000	157.768874	-288370.351217	288528.120090
0.900000	195.900024	332137.345935	-331941.445911
0.950000	244.734722	-229837.809572	230082.544294
1.000000	300.000000	300.000000	-0.000000
1-Norm: 	2297837.519123
2-Norm: 	756159.761934
Uniform-Norm: 331941.445911
