Space	 Analytical	 CrankNicholson	 Errors
0.000000	300.000000	300.000000	0.000000
0.050000	275.226253	275.223547	0.002706
0.100000	251.150388	251.150536	-0.000148
0.150000	228.433914	228.446681	-0.012767
0.200000	207.670696	207.707650	-0.036954
0.250000	189.364822	189.436437	-0.071616
0.300000	173.919786	174.032705	-0.112919
0.350000	161.638887	161.793944	-0.155057
0.400000	152.734563	152.926007	-0.191444
0.450000	147.342752	147.558833	-0.216081
0.500000	145.537679	145.762471	-0.224792
0.550000	147.342752	147.558833	-0.216081
0.600000	152.734563	152.926007	-0.191444
0.650000	161.638887	161.793944	-0.155057
0.700000	173.919786	174.032705	-0.112919
0.750000	189.364822	189.436437	-0.071616
0.800000	207.670696	207.707650	-0.036954
0.850000	228.433914	228.446681	-0.012767
0.900000	251.150388	251.150536	-0.000148
0.950000	275.226253	275.223547	0.002706
1.000000	300.000000	300.000000	0.000000
1-Norm: 	1.824175
2-Norm: 	0.551481
Uniform-Norm: 0.224792
