Space	 Analytical	 DuFortFrankel	 Errors
0.000000	300.000000	300.000000	0.000000
0.050000	275.226253	275.230130	-0.003877
0.100000	251.150388	251.582931	-0.432543
0.150000	228.433914	228.425706	0.008208
0.200000	207.670696	208.420987	-0.750291
0.250000	189.364822	189.303148	0.061674
0.300000	173.919786	174.829466	-0.909680
0.350000	161.638887	161.499800	0.139087
0.400000	152.734563	153.687218	-0.952655
0.450000	147.342752	147.146654	0.196098
0.500000	145.537679	146.492536	-0.954857
0.550000	147.342752	147.146654	0.196098
0.600000	152.734563	153.687218	-0.952655
0.650000	161.638887	161.499800	0.139087
0.700000	173.919786	174.829466	-0.909680
0.750000	189.364822	189.303148	0.061674
0.800000	207.670696	208.420987	-0.750291
0.850000	228.433914	228.425706	0.008208
0.900000	251.150388	251.582931	-0.432543
0.950000	275.226253	275.230130	-0.003877
1.000000	300.000000	300.000000	0.000000
1-Norm: 	7.863081
2-Norm: 	2.450576
Uniform-Norm: 0.954857
