Space	 Analytical	 Richardson	 Errors
0.000000	300.000000	300.000000	0.000000
0.050000	275.226253	-122098896959874940322971648.000000	122098896959874940322971648.000000
0.100000	251.150388	228079588030559931122843648.000000	-228079588030559931122843648.000000
0.150000	228.433914	-305550411432014719234342912.000000	305550411432014719234342912.000000
0.200000	207.670696	348475871687228536739856384.000000	-348475871687228536739856384.000000
0.250000	189.364822	-358025622780016833496875008.000000	358025622780016833496875008.000000
0.300000	173.919786	341589497546807883019059200.000000	-341589497546807883019059200.000000
0.350000	161.638887	-310469862316928937658155008.000000	310469862316928937658155008.000000
0.400000	152.734563	277042153828622934673981440.000000	-277042153828622934673981440.000000
0.450000	147.342752	-252116952809637576894840832.000000	252116952809637576894840832.000000
0.500000	145.537679	242959103458065823330992128.000000	-242959103458065823330992128.000000
0.550000	147.342752	-252116952809637508175364096.000000	252116952809637508175364096.000000
0.600000	152.734563	277042153828622831594766336.000000	-277042153828622831594766336.000000
0.650000	161.638887	-310469862316928800219201536.000000	310469862316928800219201536.000000
0.700000	173.919786	341589497546807745580105728.000000	-341589497546807745580105728.000000
0.750000	189.364822	-358025622780016696057921536.000000	358025622780016696057921536.000000
0.800000	207.670696	348475871687228468020379648.000000	-348475871687228468020379648.000000
0.850000	228.433914	-305550411432014616155127808.000000	305550411432014616155127808.000000
0.900000	251.150388	228079588030559828043628544.000000	-228079588030559828043628544.000000
0.950000	275.226253	-122098896959874905963233280.000000	122098896959874905963233280.000000
1.000000	300.000000	300.000000	0.000000
1-Norm: 	5329856818241448073194635264.000000
2-Norm: 	1259215683563733474185576448.000000
Uniform-Norm: 358025622780016833496875008.000000
