Space	 Analytical	 Laasonen for time step  for time step 0.100	 Errors
0.000000	300.000000	300.000000	0.000000
0.050000	275.226253	273.411652	1.814602
0.100000	251.150388	247.850839	3.299549
0.150000	228.433914	224.212439	4.221475
0.200000	207.670696	203.175469	4.495227
0.250000	189.364822	185.181160	4.183662
0.300000	173.919786	170.459332	3.460454
0.350000	161.638887	159.082160	2.556727
0.400000	152.734563	151.026359	1.708204
0.450000	147.342752	146.230412	1.112340
0.500000	145.537679	144.638952	0.898726
0.550000	147.342752	146.230412	1.112340
0.600000	152.734563	151.026359	1.708204
0.650000	161.638887	159.082160	2.556727
0.700000	173.919786	170.459332	3.460454
0.750000	189.364822	185.181160	4.183662
0.800000	207.670696	203.175469	4.495227
0.850000	228.433914	224.212439	4.221475
0.900000	251.150388	247.850839	3.299549
0.950000	275.226253	273.411652	1.814602
1.000000	300.000000	300.000000	0.000000
1-Norm: 	54.603205
2-Norm: 	13.622148
Uniform-Norm: 4.495227
