Space	 Analytical	 Laasonen for time step  for time step 0.025	 Errors
0.000000	300.000000	300.000000	0.000000
0.050000	275.226253	274.824436	0.401817
0.100000	251.150388	250.412344	0.738044
0.150000	228.433914	227.476394	0.957520
0.200000	207.670696	206.636297	1.034399
0.250000	189.364822	188.391871	0.972950
0.300000	173.919786	173.114344	0.805442
0.350000	161.638887	161.054910	0.583977
0.400000	152.734563	152.366072	0.368491
0.450000	147.342752	147.129072	0.213680
0.500000	145.537679	145.380128	0.157551
0.550000	147.342752	147.129072	0.213680
0.600000	152.734563	152.366072	0.368491
0.650000	161.638887	161.054910	0.583977
0.700000	173.919786	173.114344	0.805442
0.750000	189.364822	188.391871	0.972950
0.800000	207.670696	206.636297	1.034399
0.850000	228.433914	227.476394	0.957520
0.900000	251.150388	250.412344	0.738044
0.950000	275.226253	274.824436	0.401817
1.000000	300.000000	300.000000	0.000000
1-Norm: 	12.310192
2-Norm: 	3.105880
Uniform-Norm: 1.034399
