Space	 Analytical	 Laasonen for time step  for time step 0.010	 Errors
0.000000	300.000000	300.000000	0.000000
0.050000	275.226253	275.067695	0.158559
0.100000	251.150388	250.861694	0.288694
0.150000	228.433914	228.065731	0.368183
0.200000	207.670696	207.284932	0.385764
0.250000	189.364822	189.021448	0.343373
0.300000	173.919786	173.664359	0.255427
0.350000	161.638887	161.493494	0.145393
0.400000	152.734563	152.694057	0.040506
0.450000	147.342752	147.376936	-0.034184
0.500000	145.537679	145.598851	-0.061172
0.550000	147.342752	147.376936	-0.034184
0.600000	152.734563	152.694057	0.040506
0.650000	161.638887	161.493494	0.145393
0.700000	173.919786	173.664359	0.255427
0.750000	189.364822	189.021448	0.343373
0.800000	207.670696	207.284932	0.385764
0.850000	228.433914	228.065731	0.368183
0.900000	251.150388	250.861694	0.288694
0.950000	275.226253	275.067695	0.158559
1.000000	300.000000	300.000000	0.000000
1-Norm: 	4.101338
2-Norm: 	1.097110
Uniform-Norm: 0.385764
