Space	 Analytical	 Laasonen for time step  for time step 0.050	 Errors
0.000000	300.000000	300.000000	0.000000
0.050000	275.226253	274.389403	0.836850
0.100000	251.150388	249.614115	1.536273
0.150000	228.433914	226.440959	1.992955
0.200000	207.670696	205.514001	2.156694
0.250000	189.364822	187.324238	2.040584
0.300000	173.919786	172.206034	1.713752
0.350000	161.638887	160.356561	1.282327
0.400000	152.734563	151.870076	0.864487
0.450000	147.342752	146.777236	0.565516
0.500000	145.537679	145.080315	0.457364
0.550000	147.342752	146.777236	0.565516
0.600000	152.734563	151.870076	0.864487
0.650000	161.638887	160.356561	1.282327
0.700000	173.919786	172.206034	1.713752
0.750000	189.364822	187.324238	2.040584
0.800000	207.670696	205.514001	2.156694
0.850000	228.433914	226.440959	1.992955
0.900000	251.150388	249.614115	1.536273
0.950000	275.226253	274.389403	0.836850
1.000000	300.000000	300.000000	0.000000
1-Norm: 	26.436241
2-Norm: 	6.572774
Uniform-Norm: 2.156694
