Space	 Analytical	 CrankNicholson	 Errors
0.000000	300.000000	300.000000	0.000000
0.050000	267.668702	267.626722	0.041980
0.100000	236.664573	236.600796	0.063776
0.150000	208.161790	208.110376	0.051415
0.200000	183.061210	183.060188	0.001022
0.250000	161.926696	162.007518	-0.080822
0.300000	144.987595	145.167539	-0.179944
0.350000	132.201068	132.480142	-0.279074
0.400000	123.355260	123.717359	-0.362098
0.450000	118.187450	118.604234	-0.416784
0.500000	116.490733	116.926545	-0.435812
0.550000	118.187450	118.604234	-0.416784
0.600000	123.355260	123.717359	-0.362098
0.650000	132.201068	132.480142	-0.279074
0.700000	144.987595	145.167539	-0.179944
0.750000	161.926696	162.007518	-0.080822
0.800000	183.061210	183.060188	0.001022
0.850000	208.161790	208.110376	0.051415
0.900000	236.664573	236.600796	0.063776
0.950000	267.668702	267.626722	0.041980
1.000000	300.000000	300.000000	0.000000
1-Norm: 	3.389642
2-Norm: 	1.024752
Uniform-Norm: 0.435812
