Space	 Analytical	 DuFortFrankel	 Errors
0.000000	300.000000	300.000000	0.000000
0.050000	267.668702	267.715492	-0.046791
0.100000	236.664573	237.519681	-0.855108
0.150000	208.161790	208.228364	-0.066574
0.200000	183.061210	184.330858	-1.269648
0.250000	161.926696	161.869287	0.057409
0.300000	144.987595	146.155708	-1.168113
0.350000	132.201068	131.946408	0.254659
0.400000	123.355260	124.203679	-0.848419
0.450000	118.187450	117.791658	0.395791
0.500000	116.490733	117.178550	-0.687817
0.550000	118.187450	117.791658	0.395791
0.600000	123.355260	124.203679	-0.848419
0.650000	132.201068	131.946408	0.254659
0.700000	144.987595	146.155708	-1.168113
0.750000	161.926696	161.869287	0.057409
0.800000	183.061210	184.330858	-1.269648
0.850000	208.161790	208.228364	-0.066574
0.900000	236.664573	237.519681	-0.855108
0.950000	267.668702	267.715492	-0.046791
1.000000	300.000000	300.000000	0.000000
1-Norm: 	10.612841
2-Norm: 	3.129052
Uniform-Norm: 1.269648
