Space	 Analytical	 Richardson	 Errors
0.000000	300.000000	300.000000	0.000000
0.050000	267.668702	-3606055351645853.000000	3606055351646120.500000
0.100000	236.664573	6428371769425562.000000	-6428371769425325.000000
0.150000	208.161790	-7960095305308760.000000	7960095305308968.000000
0.200000	183.061210	8115066257608583.000000	-8115066257608400.000000
0.250000	161.926696	-7186253404273791.000000	7186253404273953.000000
0.300000	144.987595	5669805418081578.000000	-5669805418081433.000000
0.350000	132.201068	-4063431631598597.000000	4063431631598729.000000
0.400000	123.355260	2733322827098102.500000	-2733322827097979.000000
0.450000	118.187450	-1882528764638020.500000	1882528764638138.750000
0.500000	116.490733	1592714981173864.750000	-1592714981173748.250000
0.550000	118.187450	-1882528764638019.750000	1882528764638138.000000
0.600000	123.355260	2733322827098102.000000	-2733322827097978.500000
0.650000	132.201068	-4063431631598595.500000	4063431631598727.500000
0.700000	144.987595	5669805418081576.000000	-5669805418081431.000000
0.750000	161.926696	-7186253404273790.000000	7186253404273952.000000
0.800000	183.061210	8115066257608580.000000	-8115066257608397.000000
0.850000	208.161790	-7960095305308758.000000	7960095305308966.000000
0.900000	236.664573	6428371769425559.000000	-6428371769425322.000000
0.950000	267.668702	-3606055351645851.500000	3606055351646119.000000
1.000000	300.000000	300.000000	0.000000
1-Norm: 	96882576440531808.000000
2-Norm: 	24336341683438388.000000
Uniform-Norm: 8115066257608400.000000
