Space	 Analytical	 CrankNicholson	 Errors
0.000000	300.000000	300.000000	0.000000
0.050000	272.052272	272.034927	0.017345
0.100000	245.007141	244.983061	0.024080
0.150000	219.697853	219.685584	0.012269
0.200000	196.831153	196.852544	-0.021391
0.250000	176.951833	177.026605	-0.074773
0.300000	160.433678	160.574533	-0.140855
0.350000	147.495877	147.705198	-0.209321
0.400000	138.238660	138.507448	-0.268788
0.450000	132.688272	132.997392	-0.309120
0.500000	130.839903	131.163288	-0.323384
0.550000	132.688272	132.997392	-0.309120
0.600000	138.238660	138.507448	-0.268788
0.650000	147.495877	147.705198	-0.209321
0.700000	160.433678	160.574533	-0.140855
0.750000	176.951833	177.026605	-0.074773
0.800000	196.831153	196.852544	-0.021391
0.850000	219.697853	219.685584	0.012269
0.900000	245.007141	244.983061	0.024080
0.950000	272.052272	272.034927	0.017345
1.000000	300.000000	300.000000	0.000000
1-Norm: 	2.479267
2-Norm: 	0.762661
Uniform-Norm: 0.323384
