Space	 Analytical	 DuFortFrankel	 Errors
0.000000	300.000000	300.000000	0.000000
0.050000	272.052272	272.071597	-0.019326
0.100000	245.007141	245.581480	-0.574339
0.150000	219.697853	219.717204	-0.019351
0.200000	196.831153	197.764790	-0.933636
0.250000	176.951833	176.890855	0.060978
0.300000	160.433678	161.451245	-1.017567
0.350000	147.495877	147.306492	0.189385
0.400000	138.238660	139.183096	-0.944436
0.450000	132.688272	132.402486	0.285786
0.500000	130.839903	131.732463	-0.892560
0.550000	132.688272	132.402486	0.285786
0.600000	138.238660	139.183096	-0.944436
0.650000	147.495877	147.306492	0.189385
0.700000	160.433678	161.451245	-1.017567
0.750000	176.951833	176.890855	0.060978
0.800000	196.831153	197.764790	-0.933636
0.850000	219.697853	219.717204	-0.019351
0.900000	245.007141	245.581480	-0.574339
0.950000	272.052272	272.071597	-0.019326
1.000000	300.000000	300.000000	0.000000
1-Norm: 	8.982170
2-Norm: 	2.701586
Uniform-Norm: 1.017567
