Space	 Analytical	 Laasonen	 Errors
0.000000	300.000000	300.000000	0.000000
0.050000	272.052272	271.797066	0.255205
0.100000	245.007141	244.550928	0.456213
0.150000	219.697853	219.136066	0.561787
0.200000	196.831153	196.278095	0.553058
0.250000	176.951833	176.514793	0.437040
0.300000	160.433678	160.189888	0.243790
0.350000	147.495877	147.477296	0.018581
0.400000	138.238660	138.427178	-0.188518
0.450000	132.688272	133.021354	-0.333082
0.500000	130.839903	131.224742	-0.384839
0.550000	132.688272	133.021354	-0.333082
0.600000	138.238660	138.427178	-0.188518
0.650000	147.495877	147.477296	0.018581
0.700000	160.433678	160.189888	0.243790
0.750000	176.951833	176.514793	0.437040
0.800000	196.831153	196.278095	0.553058
0.850000	219.697853	219.136066	0.561787
0.900000	245.007141	244.550928	0.456213
0.950000	272.052272	271.797066	0.255205
1.000000	300.000000	300.000000	0.000000
1-Norm: 	6.479386
2-Norm: 	1.652909
Uniform-Norm: 0.561787
