Space	 Analytical	 Richardson	 Errors
0.000000	300.000000	300.000000	0.000000
0.050000	272.052272	-633639977794866905088.000000	633639977794866905088.000000
0.100000	245.007141	1162243194251737432064.000000	-1162243194251737432064.000000
0.150000	219.697853	-1509660114188241207296.000000	1509660114188241207296.000000
0.200000	196.831153	1646928582978044690432.000000	-1646928582978044690432.000000
0.250000	176.951833	-1594411217587680313344.000000	1594411217587680313344.000000
0.300000	160.433678	1409347836894278057984.000000	-1409347836894278057984.000000
0.350000	147.495877	-1165837120739989651456.000000	1165837120739989651456.000000
0.400000	138.238660	935509509489468375040.000000	-935509509489468375040.000000
0.450000	132.688272	-774378781428011892736.000000	774378781428011892736.000000
0.500000	130.839903	716849683131748974592.000000	-716849683131748974592.000000
0.550000	132.688272	-774378781428011761664.000000	774378781428011761664.000000
0.600000	138.238660	935509509489468112896.000000	-935509509489468112896.000000
0.650000	147.495877	-1165837120739988996096.000000	1165837120739988996096.000000
0.700000	160.433678	1409347836894277271552.000000	-1409347836894277271552.000000
0.750000	176.951833	-1594411217587679526912.000000	1594411217587679526912.000000
0.800000	196.831153	1646928582978043641856.000000	-1646928582978043641856.000000
0.850000	219.697853	-1509660114188240158720.000000	1509660114188240158720.000000
0.900000	245.007141	1162243194251736514560.000000	-1162243194251736514560.000000
0.950000	272.052272	-633639977794866511872.000000	633639977794866511872.000000
1.000000	300.000000	300.000000	0.000000
1-Norm: 	22380762353836383797248.000000
2-Norm: 	5359686222838571728896.000000
Uniform-Norm: 1646928582978044690432.000000
