Space	 Analytical	 CrankNicholson	 Errors
0.000000	300.000000	300.000000	0.000000
0.050000	260.517846	260.436954	0.080892
0.100000	223.416367	223.302504	0.113863
0.150000	190.655215	190.580990	0.074224
0.200000	163.474770	163.504437	-0.029667
0.250000	142.295276	142.459774	-0.164497
0.300000	126.815932	127.107238	-0.291306
0.350000	116.254473	116.638261	-0.383788
0.400000	109.640012	110.076062	-0.436050
0.450000	106.081694	106.539664	-0.457969
0.500000	104.967732	105.430976	-0.463244
0.550000	106.081694	106.539664	-0.457969
0.600000	109.640012	110.076062	-0.436050
0.650000	116.254473	116.638261	-0.383788
0.700000	126.815932	127.107238	-0.291306
0.750000	142.295276	142.459774	-0.164497
0.800000	163.474770	163.504437	-0.029667
0.850000	190.655215	190.580990	0.074224
0.900000	223.416367	223.302504	0.113863
0.950000	260.517846	260.436954	0.080892
1.000000	300.000000	300.000000	-0.000000
1-Norm: 	4.527759
2-Norm: 	1.258795
Uniform-Norm: 0.463244
