Space	 Analytical	 DuFortFrankel	 Errors
0.000000	300.000000	300.000000	0.000000
0.050000	260.517846	260.614149	-0.096303
0.100000	223.416367	224.903454	-1.487087
0.150000	190.655215	190.771414	-0.116200
0.200000	163.474770	165.379440	-1.904671
0.250000	142.295276	142.177714	0.117562
0.300000	126.815932	128.140570	-1.324638
0.350000	116.254473	115.896318	0.358155
0.400000	109.640012	110.214393	-0.574381
0.450000	106.081694	105.627534	0.454160
0.500000	104.967732	105.236980	-0.269248
0.550000	106.081694	105.627534	0.454160
0.600000	109.640012	110.214393	-0.574381
0.650000	116.254473	115.896318	0.358155
0.700000	126.815932	128.140570	-1.324638
0.750000	142.295276	142.177714	0.117562
0.800000	163.474770	165.379440	-1.904671
0.850000	190.655215	190.771414	-0.116200
0.900000	223.416367	224.903454	-1.487087
0.950000	260.517846	260.614149	-0.096303
1.000000	300.000000	300.000000	-0.000000
1-Norm: 	13.135562
2-Norm: 	4.081950
Uniform-Norm: 1.904671
