Space	 Analytical	 Richardson	 Errors
0.000000	300.000000	300.000000	0.000000
0.050000	260.517846	-24063308931.331451	24063309191.849297
0.100000	223.416367	40587683339.299446	-40587683115.883080
0.150000	190.655215	-45825162385.856209	45825162576.511421
0.200000	163.474770	41034977332.504601	-41034977169.029831
0.250000	142.295276	-30723213106.092693	30723213248.387970
0.300000	126.815932	19681382451.168480	-19681382324.352547
0.350000	116.254473	-10923666890.844547	10923667007.099020
0.400000	109.640012	5333233213.170193	-5333233103.530181
0.450000	106.081694	-2474027449.242306	2474027555.324000
0.500000	104.967732	1625842921.780732	-1625842816.812999
0.550000	106.081694	-2474027449.242305	2474027555.323999
0.600000	109.640012	5333233213.170191	-5333233103.530179
0.650000	116.254473	-10923666890.844543	10923667007.099016
0.700000	126.815932	19681382451.168472	-19681382324.352539
0.750000	142.295276	-30723213106.092682	30723213248.387959
0.800000	163.474770	41034977332.504593	-41034977169.029823
0.850000	190.655215	-45825162385.856178	45825162576.511391
0.900000	223.416367	40587683339.299423	-40587683115.883057
0.950000	260.517846	-24063308931.331436	24063309191.849281
1.000000	300.000000	300.000000	-0.000000
1-Norm: 	442919153400.747681
2-Norm: 	122447562326.925919
Uniform-Norm: 45825162576.511421
