Space	 Analytical	 Laasonen for time step  for time step 0.100	 Errors
0.000000	300.000000	300.000000	0.000000
0.050000	244.734722	221.932717	22.802005
0.100000	195.900024	174.348612	21.551412
0.150000	157.768874	145.351661	12.417213
0.200000	131.459844	127.692625	3.767220
0.250000	115.419997	116.956745	-1.536748
0.300000	106.779119	110.460051	-3.680932
0.350000	102.666526	106.578370	-3.911843
0.400000	100.939965	104.341281	-3.401316
0.450000	100.312668	103.189513	-2.876845
0.500000	100.162781	102.835122	-2.672341
0.550000	100.312668	103.189513	-2.876845
0.600000	100.939965	104.341281	-3.401316
0.650000	102.666526	106.578370	-3.911843
0.700000	106.779119	110.460051	-3.680932
0.750000	115.419997	116.956745	-1.536748
0.800000	131.459844	127.692625	3.767220
0.850000	157.768874	145.351661	12.417213
0.900000	195.900024	174.348612	21.551412
0.950000	244.734722	221.932717	22.802005
1.000000	300.000000	300.000000	-0.000000
1-Norm: 	154.563409
2-Norm: 	49.140680
Uniform-Norm: 22.802005
