Space	 Analytical	 Laasonen for time step  for time step 0.050	 Errors
0.000000	300.000000	300.000000	0.000000
0.050000	244.734722	233.335368	11.399354
0.100000	195.900024	183.338277	12.561748
0.150000	157.768874	150.009966	7.758908
0.200000	131.459844	129.185887	2.273957
0.250000	115.419997	116.703232	-1.283235
0.300000	106.779119	109.444144	-2.665025
0.350000	102.666526	105.338526	-2.672000
0.400000	100.939965	103.108716	-2.168751
0.450000	100.312668	102.018224	-1.705556
0.500000	100.162781	101.692704	-1.529923
0.550000	100.312668	102.018224	-1.705556
0.600000	100.939965	103.108716	-2.168751
0.650000	102.666526	105.338526	-2.672000
0.700000	106.779119	109.444144	-2.665025
0.750000	115.419997	116.703232	-1.283235
0.800000	131.459844	129.185887	2.273957
0.850000	157.768874	150.009966	7.758908
0.900000	195.900024	183.338277	12.561748
0.950000	244.734722	233.335368	11.399354
1.000000	300.000000	300.000000	-0.000000
1-Norm: 	90.506992
2-Norm: 	27.487659
Uniform-Norm: 12.561748
