Space	 Analytical	 Laasonen for time step  for time step 0.025	 Errors
0.000000	300.000000	300.000000	0.000000
0.050000	244.734722	239.179273	5.555449
0.100000	195.900024	189.091903	6.808121
0.150000	157.768874	153.315989	4.452885
0.200000	131.459844	130.239328	1.220516
0.250000	115.419997	116.431406	-1.011409
0.300000	106.779119	108.633034	-1.853915
0.350000	102.666526	104.435792	-1.769266
0.400000	100.939965	102.290304	-1.350339
0.450000	100.312668	101.299883	-0.987215
0.500000	100.162781	101.014790	-0.852009
0.550000	100.312668	101.299883	-0.987215
0.600000	100.939965	102.290304	-1.350339
0.650000	102.666526	104.435792	-1.769266
0.700000	106.779119	108.633034	-1.853915
0.750000	115.419997	116.431406	-1.011409
0.800000	131.459844	130.239328	1.220516
0.850000	157.768874	153.315989	4.452885
0.900000	195.900024	189.091903	6.808121
0.950000	244.734722	239.179273	5.555449
1.000000	300.000000	300.000000	-0.000000
1-Norm: 	50.870238
2-Norm: 	14.783950
Uniform-Norm: 6.808121
